213.39764213562012,9
213.377197265625,8
213.07655429840088,8
213.3898572921753,8
213.909761428833,8
213.1450653076172,9
212.9248332977295,9
213.41575717926025,9
213.07847690582275,8
213.06995964050293,8
213.5496711730957,9
213.32085037231445,8
213.40295219421387,9
213.68750286102295,9
213.22403526306152,9
213.2587490081787,8
213.2536506652832,9
213.1705207824707,8
213.0586643218994,9
213.4457015991211,8
213.07581853866577,9
212.91218280792236,8
213.28879928588867,9
212.99933004379272,9
213.70948123931885,9
213.1144199371338,9
212.8493824005127,8
213.40872383117676,9
213.17584609985352,9
213.46020698547363,9
213.14248752593994,9
213.62478065490723,9
213.20993041992188,8
213.02186489105225,9
213.23948669433594,8
213.39260387420654,9
213.66930198669434,9
213.38239765167236,8
213.75687408447266,8
213.48388195037842,8
213.6353416442871,9
213.11730575561523,8
212.87305450439453,9
213.1172046661377,9
213.4300422668457,8
213.4777488708496,8
213.11779117584229,9
213.43483066558838,8
213.07256984710693,8
213.10534381866455,9
213.70877170562744,9
213.2722043991089,8
212.85484886169434,9
213.25000286102295,9
213.15733814239502,9
213.31159591674805,9
213.4694366455078,9
213.41525840759277,9
212.80054664611816,8
212.95514297485352,8
213.51143550872803,9
213.2360601425171,9
213.3118371963501,8
213.30979824066162,9
213.01459312438965,8
213.20669984817505,9
213.66593074798584,8
213.1493592262268,9
213.45989894866943,9
213.47183513641357,8
213.18498373031616,9
213.40501022338867,9
213.55130767822266,9
213.2635316848755,8
213.66165924072266,9
213.41326904296875,8
213.67880487442017,10
213.16160202026367,8
212.9001808166504,9
213.55317306518555,8
213.60210275650024,9
212.77639198303223,8
213.2440528869629,9
213.39580154418945,9
213.64919900894165,9
213.3687334060669,9
213.74762725830078,9
212.72343635559082,8
213.4778289794922,9
213.50216674804688,9
213.28213500976562,9
212.82643699645996,9
213.1263198852539,8
213.55854511260986,9
212.96459245681763,9
213.1426239013672,8
212.86894607543945,8
213.2943820953369,8
213.58100414276123,9
213.1185598373413,9
213.4602656364441,10
212.81488132476807,9
213.7446813583374,9
213.5294942855835,9
214.0231146812439,10
213.12725353240967,8
213.4268684387207,9
213.23579120635986,9
213.254487991333,9
213.4058494567871,8
213.45259761810303,9
213.29162788391113,9
213.4467601776123,9
213.17156791687012,9
213.58133029937744,9
213.12245178222656,8
213.5727939605713,8
213.8682279586792,9
213.60668849945068,9
212.8403787612915,9
213.5764799118042,9
213.14670610427856,9
213.19029808044434,10
212.81281089782715,8
213.33574295043945,9
213.77560901641846,9
212.59233164787292,9
213.2530002593994,9
213.4178924560547,8
212.74183559417725,9
213.68032836914062,8
213.19611930847168,9
213.51491022109985,9
213.24681997299194,9
213.45265579223633,8
212.8649606704712,8
212.72064590454102,9
213.60261154174805,8
213.59637355804443,9
213.24983024597168,9
213.01653575897217,8
213.4998540878296,9
213.40592002868652,8
212.82396697998047,9
213.29284191131592,9
213.17643976211548,9
213.1208906173706,8
213.21417617797852,8
213.5185968875885,9
213.63666343688965,9
212.9119358062744,9
213.34308433532715,9
213.2775058746338,8
213.34862613677979,9
213.58174324035645,9
213.089017868042,8
213.1313076019287,8
212.57236194610596,9
213.09465980529785,9
213.24508476257324,8
213.3943738937378,9
213.51083946228027,9
213.64093017578125,9
212.65472888946533,9
213.5154504776001,9
213.15193605422974,9
213.09222030639648,9
213.43698596954346,9
213.1992311477661,8
213.46517372131348,10
212.96476364135742,9
213.7143268585205,9
213.47120475769043,8
213.5307092666626,9
213.06441974639893,8
213.14412879943848,8
213.39063930511475,9
213.0259952545166,8
213.52842044830322,9
213.5134220123291,9
212.6236057281494,9
213.15991401672363,8
213.16646671295166,8
213.50303745269775,9
213.1705322265625,9
213.54620170593262,9
212.91665077209473,8
213.49747371673584,8
213.48873138427734,9
213.36379051208496,9
213.39076232910156,9
212.88455772399902,8
213.81595039367676,9
213.31828498840332,9
213.36071968078613,9
213.35289478302002,9
213.12554359436035,8
213.2624168395996,9
213.08772659301758,9
213.09904670715332,8
213.45119285583496,8
213.16122436523438,9
213.50502395629883,9
213.17110443115234,9
213.19511699676514,8
213.1583013534546,9
212.69710540771484,8
213.4064702987671,9
213.78386306762695,8
213.377197265625,8
213.36965370178223,9
213.2134141921997,8
213.69836044311523,9
213.05815505981445,9
213.7188949584961,8
213.17272758483887,10
213.19860076904297,9
213.37926197052002,9
212.9006290435791,8
213.18965530395508,8
213.6031084060669,8
213.39212894439697,8
213.10284042358398,8
213.21674156188965,8
213.57187938690186,8
212.56516981124878,9
212.82912349700928,8
213.25928020477295,9
213.409686088562,9
213.38189458847046,10
213.3963966369629,9
213.2463207244873,9
212.54596042633057,9
213.29056358337402,9
213.2625904083252,9
213.41197395324707,8
212.9932346343994,8
213.00577545166016,9
213.33435344696045,10
212.51155471801758,8
213.42076301574707,8
212.98797464370728,9
213.5214557647705,8
213.2655005455017,9
213.46082401275635,8
213.08992958068848,9
213.15689373016357,8
213.09643173217773,8
213.8335361480713,8
213.11871147155762,9
213.34859371185303,8
213.38457489013672,9
213.3170623779297,9
213.3941307067871,9
213.7758026123047,9
213.6262149810791,9
213.46842575073242,9
213.26801300048828,9
212.6064510345459,9
213.02460289001465,9
213.2872076034546,9
213.5326452255249,9
213.5557622909546,9
213.51100730895996,9
213.47999954223633,9
213.09098052978516,9
213.4014377593994,9
212.51419830322266,9
213.62200570106506,9
213.24584293365479,8
213.18831062316895,8
212.55615425109863,8
213.31364917755127,9
212.9818630218506,8
212.74234008789062,8
213.29168510437012,8
213.26707649230957,8
213.32687759399414,9
213.12848472595215,8
212.3335361480713,8
213.32623291015625,9
213.1384401321411,9
213.60211753845215,8
213.13592433929443,9
213.62004280090332,9
213.26472663879395,9
213.39324378967285,9
213.11078882217407,9
213.1478214263916,9
213.3942346572876,9
213.56326580047607,8
213.53077507019043,9
213.39218711853027,8
213.14812636375427,10
212.4660301208496,8
213.50870323181152,9
213.13861656188965,9
213.47910499572754,8
212.81525230407715,8
213.1500949859619,9
213.66240215301514,9
213.22038078308105,8
213.56840991973877,8
213.3263454437256,9
213.58599948883057,8
212.85008907318115,8
212.9049835205078,8
213.0008945465088,9
213.55704879760742,9
213.03402423858643,9
212.9688630104065,9
213.3245677947998,8
213.15933799743652,9
212.8879690170288,9
212.85171699523926,9
212.69603538513184,9
213.4732961654663,8
212.9679126739502,8
213.6659870147705,9
213.27917194366455,9
213.48077487945557,8
213.13786458969116,9
213.24825763702393,9
212.81603717803955,8
213.56744384765625,9
213.37066078186035,9
213.62987518310547,9
213.68366622924805,9
212.90927696228027,8
212.99739456176758,8
213.4001760482788,9
213.06940937042236,8
213.5187063217163,8
212.83440780639648,9
213.5622844696045,8
213.63082885742188,9
213.46507120132446,9
213.04880905151367,8
213.20387363433838,9
213.3314085006714,9
213.15619277954102,9
213.49727630615234,9
213.14799785614014,9
213.58185577392578,8
213.03207969665527,9
213.43567752838135,9
211.90576553344727,8
212.8175859451294,9
213.21145105361938,10
213.6954789161682,9
213.69447898864746,8
212.79700660705566,8
213.2912883758545,9
212.9831781387329,9
213.2347183227539,8
213.07857131958008,8
213.72342586517334,8
213.4601812362671,9
212.96564865112305,9
213.35209274291992,10
212.76714992523193,8
213.48959827423096,9
213.7498664855957,9
213.4690456390381,9
213.2696409225464,8
213.34207153320312,8
213.54239416122437,9
213.5414276123047,9
212.47011041641235,9
212.33961963653564,9
213.58389949798584,8
212.89203262329102,9
213.4620018005371,9
212.79919624328613,8
213.0818748474121,8
213.2510986328125,8
212.56721591949463,9
213.3860559463501,8
213.2882947921753,9
213.29828643798828,9
213.00859355926514,9
213.25200271606445,9
213.62747383117676,9
212.80663776397705,8
213.22167110443115,8
212.70366764068604,9
213.22848987579346,8
213.28227424621582,9
212.73633003234863,9
213.39832973480225,9
213.2587070465088,8
213.56889724731445,8
213.57459545135498,9
213.6073932647705,10
213.45793628692627,8
212.94256782531738,9
213.7162275314331,9
213.40205669403076,8
213.117280960083,8
213.2821455001831,8
213.34357452392578,9
212.62658596038818,8
213.1865530014038,9
213.25436973571777,10
213.31919288635254,9
213.27954292297363,10
213.03621101379395,8
213.21223068237305,8
213.40075302124023,9
213.26775455474854,9
212.96692991256714,9
212.93206596374512,9
213.47950744628906,9
213.1517333984375,8
213.34955215454102,8
213.2788600921631,8
213.10532140731812,9
212.30457592010498,9
213.29097175598145,8
212.73231506347656,8
213.07465744018555,8
213.22124576568604,9
213.04796314239502,9
213.3537392616272,9
213.0001983642578,8
213.35939407348633,9
213.2984790802002,8
213.11631870269775,8
213.03789854049683,9
213.15713024139404,9
213.58807277679443,9
213.18327713012695,9
213.6742067337036,9
213.58710193634033,9
213.64686584472656,9
212.84535026550293,8
213.27998447418213,8
213.41561794281006,9
213.1244993209839,8
213.33410263061523,8
213.33955764770508,8
213.45465087890625,9
213.10076522827148,8
213.0291404724121,9
213.30435752868652,9
213.13027572631836,8
213.59163665771484,8
212.7603702545166,8
213.59234809875488,8
213.12983989715576,9
213.52472972869873,9
212.76671600341797,9
212.76310634613037,9
213.70652198791504,9
213.32283878326416,9
213.4909963607788,9
213.58028602600098,8
213.01700496673584,9
213.60946083068848,10
212.58755111694336,8
213.5075216293335,8
212.77767372131348,8
213.55211734771729,9
213.12218570709229,9
213.39464282989502,8
213.20104217529297,8
213.75644254684448,10
213.5336413383484,10
213.22327423095703,9
213.23051738739014,9
213.29155921936035,9
213.1474256515503,9
212.6336259841919,9
213.73331260681152,9
213.18777656555176,8
213.18097591400146,9
213.23738288879395,8
213.44175720214844,9
212.69050979614258,8
213.29076480865479,9
213.29646396636963,8
213.32635307312012,8
213.4620532989502,8
212.84058952331543,8
212.9411153793335,9
212.98684310913086,8
213.15759754180908,9
213.86061239242554,9
213.3500461578369,9
213.56296610832214,9
213.08267974853516,8
213.21832847595215,9
213.7430067062378,8
213.01863479614258,9
213.34574699401855,9
213.15399169921875,10
213.67673110961914,8
213.0029811859131,8
212.94559955596924,9
213.23468494415283,8
213.47346591949463,9
213.57582092285156,9
213.1253423690796,9
213.43522834777832,8
212.87120056152344,8
212.96452713012695,8
213.32288646697998,9
213.67268085479736,8
213.73944187164307,8
213.51059532165527,9
213.06950759887695,8
212.85303401947021,9
213.34861660003662,9
213.63958740234375,8
213.47784900665283,8
213.4030818939209,8
213.4030237197876,9
213.53605842590332,8
213.33080863952637,8
212.8108673095703,9
